[[DatasetStat]]
meanVec = [0.06289244 -0.03214663 -0.05418362 0.06354814 -0.024625571 -0.00084881403 0.024877664 0.018903725 0.0074540735 0.0023946401 0.014704641 -0.0039056602 0.047812574 -0.037765317 -0.02793575 -0.018109722 0.022484966 -0.0026491194 -0.004986131 0.019335559 0.008394336 0.022127794 -0.00707496 -0.01848055 0.038541727 -0.008007812 -0.048603877 0.026910389 -0.010294011 0.04352387 -0.0037741992 0.01589481 -0.038820375 0.010479737 -0.0051950677 0.046820574 -0.03701769 -0.01626621 -0.04048024 0.0058439267 0.051975314 0.055535287 -0.060639 -0.04329481 -0.010581943 -0.0037741694 -0.015087477 0.009756777 0.007136078 -0.030803531 0.019526022 -0.018823914 -0.034680523 -0.020543342 0.014727271 -0.0080948165 -0.0024777404 -0.042773075 0.021468597 0.017594686 0.005207702 0.01610932 -0.026445154 -0.020171655 -0.0008234872 -0.01658067 -0.012115667 0.010306255 0.011939057 -0.056030035 -0.02853135 0.017763896 0.0027912708 -0.042845868 -0.001550118 0.018691817 0.001074277 0.025660232 0.0086688325 -0.019810786 -0.0071972026 -0.020664163 0.027249299 -0.009387009 -0.018430347 -0.028104082 0.020661121 -0.01855771 0.003951668 -0.013451065 0.04960168 -0.018381521 0.014696739 -0.034019 0.0020614634 -0.0016241983]
stdVec = [3.193979e-05 3.5075645e-05 3.0495003e-05 3.1141626e-05 2.9852243e-05 2.9016748e-05 3.1732237e-05 2.9543637e-05 2.8826786e-05 3.5448797e-05 3.0475981e-05 3.3325585e-05 2.900584e-05 2.9726561e-05 3.002983e-05 3.248142e-05 2.8751905e-05 3.0132574e-05 3.2175954e-05 3.6691203e-05 3.2267148e-05 4.2641583e-05 3.2116328e-05 2.9649462e-05 3.2472515e-05 2.8469412e-05 2.9217415e-05 3.126689e-05 2.990258e-05 3.6726e-05 2.976044e-05 3.08308e-05 2.9233472e-05 2.8525617e-05 2.8286984e-05 2.9206623e-05 3.0857245e-05 3.1541655e-05 3.3409968e-05 3.5634388e-05 3.3765464e-05 3.0413914e-05 3.0843403e-05 3.1076044e-05 3.104233e-05 3.446595e-05 3.162796e-05 3.126707e-05 3.052125e-05 3.4905253e-05 2.9388177e-05 3.1882886e-05 3.0613253e-05 3.1781303e-05 3.0650863e-05 2.8300343e-05 3.114018e-05 3.406263e-05 2.7655995e-05 3.1428062e-05 3.3113363e-05 2.799935e-05 3.3499564e-05 3.1572872e-05 2.724563e-05 2.7657761e-05 3.1826494e-05 3.1071617e-05 3.0361663e-05 3.0293984e-05 2.7831815e-05 2.8940345e-05 2.5971834e-05 3.094336e-05 3.166565e-05 2.9167877e-05 3.1494536e-05 3.1637923e-05 3.1532283e-05 3.4134762e-05 2.8364479e-05 2.9409299e-05 3.0150564e-05 2.8231481e-05 2.7619777e-05 3.1205243e-05 3.381579e-05 3.072607e-05 3.0435538e-05 2.9138846e-05 3.221533e-05 2.9506384e-05 2.9016815e-05 3.4209417e-05 3.1009502e-05 3.280764e-05]

